34, 2, 90, 38, 4, 26,
97, 59, 56, 13, 80, 46, 8,
18, 50, 70, 62, 73, 74, 0,
11, 48, 59, 27, 62, 59, 80,
36, 48, 43, 74, 8, 94, 81, 61,
51, 88, 30, 32, 96, 41, 48, 91,
95, 65, 83, 3, 76, 7, 37, 99, 75,
31, 63, 24, 91, 12, 21, 89, 91, 38,
53, 64, 88, 100, 62, 49, 31, 90, 15,
53, 90, 3, 72, 50, 39, 92, 40, 97, 40,
60, 14, 38, 26, 31, 22, 46, 40, 82, 40,
20, 19, 34, 27, 11, 15, 54, 67, 61, 15, 11,
78, 67, 61, 29, 14, 31, 4, 84, 63, 47, 4, 85, 25,
7, 56, 28, 19, 19, 8, 67, 39, 100, 30, 51, 26, 26, 27,
29, 73, 53, 21, 97, 61, 4, 2, 70, 19, 42, 90, 59, 99, 34,
88, 13, 16, 88, 75, 21, 81, 0, 58, 79, 42, 89, 72, 96, 31,
100, 97, 84, 42, 61, 90, 34, 96, 86, 100, 70, 57, 15, 78, 0,
19, 47, 55, 3, 68, 63, 61, 2, 4, 87, 99, 47, 18, 56, 83, 88,
18, 7, 77, 47, 57, 21, 24, 54, 13, 3, 19, 53, 92, 21, 45,
76, 72, 71, 35, 21, 74, 72, 74, 38, 53, 77, 84, 51, 73, 26, 65,
16, 4, 77, 94, 86, 36, 27, 65, 59, 12, 48, 55, 7, 28, 33, 86, 94, 79, 31,
93, 72, 54, 54, 50, 43, 77, 85, 91, 58, 5, 63, 95, 18, 86, 75, 42, 27,
78, 74, 5, 67, 70, 27, 95, 42, 71, 15, 19, 44, 7, 54, 94, 36, 90, 47,
34, 67, 44, 43, 45, 1, 38, 57, 72, 93, 20, 0, 78, 18, 69, 93, 39, 18,
33, 89, 85, 39, 7, 20, 90, 42, 74, 79, 48, 9, 23, 86, 9, 36, 36, 77,
84, 81, 73, 79, 62, 24, 62, 33, 86, 96, 40, 1, 21, 32, 93, 86, 74, 94,
74, 98, 92, 91, 85, 58, 49, 27, 19, 28, 80, 78, 93, 12, 55, 61, 34, 19,
5, 62, 50, 56, 96, 11, 91, 36, 24, 16, 84, 88, 98, 84, 54, 55, 39, 39, 72,
22, 20, 25, 44, 39, 79, 47, 73, 0, 87, 92, 49, 100, 94, 1, 47, 6, 84, 53, 44,
40, 94, 1, 82, 66, 68, 86, 74, 96, 32, 100, 36, 57, 87, 43, 66, 61, 52, 38, 63,
97, 71, 0, 25, 34, 61, 35, 39, 71, 17, 98, 77, 69, 41, 53, 33, 71, 71, 20, 3, 85,
61, 32, 10, 6, 69, 99, 9, 45, 52, 100, 23, 6, 20, 68, 41, 63, 23, 49, 36, 48, 19, 28,
73, 87, 50, 40, 81, 81, 80, 63, 97, 3, 55, 65, 56, 3, 27, 51, 13, 13, 95, 50, 32, 73,
96, 81, 76, 58, 38, 8, 68, 67, 53, 17, 61, 59, 45, 91, 22, 23, 68, 34, 28, 1, 30, 86,
82, 88, 23, 45, 73, 2, 11, 29, 0, 69, 31, 71, 64, 41, 37, 28, 99, 46, 47, 0, 51, 95,
56, 57, 49, 15, 6, 15, 97, 95, 89, 42, 52, 61, 97, 69, 69, 58, 18, 45, 62, 13, 5, 55,
96, 67, 48, 23, 56, 2, 41, 28, 22, 16, 73, 9, 35, 54, 84, 19, 31, 69, 41, 56, 97, 92,
50, 48, 87, 91, 76, 32, 44, 84, 89, 49, 63, 35, 18, 39, 76, 5, 19, 9, 37, 74, 61, 47,
44, 79, 73, 3, 94, 69, 15, 2, 58, 18, 88, 70, 46, 88, 1, 16, 68, 59, 19, 29, 70, 4, 57,
9, 23, 45, 23, 95, 39, 3, 58, 60, 6, 51, 57, 45, 16, 71, 72, 35, 7, 43, 16, 61, 85, 62,
2, 74, 32, 44, 13, 26, 47, 61, 50, 14, 15, 59, 88, 66, 79, 23, 49, 58, 12, 22, 1, 3, 2,
37, 43, 61, 69, 30, 44, 93, 13, 51, 33, 81, 99, 43, 51, 67, 63, 72, 52, 2, 84, 82, 25,
48, 36, 11, 30, 30, 38, 18, 78, 9, 79, 99, 2, 23, 41, 52, 79, 20, 71, 17, 32, 71, 73,
66, 46, 23, 31, 6, 1, 55, 33, 18, 66, 92, 64, 52, 15, 2, 4, 82, 29, 67, 43, 19, 65, 29,
73, 35, 95, 70, 55, 22, 81, 48, 81, 24, 69, 42, 8, 29, 49, 5, 1, 36, 62, 65, 5, 65, 8,
60, 96, 91, 91, 11, 3, 18, 79, 50, 30, 4, 19, 65, 75, 72, 87, 85, 80, 85, 11, 41, 66, 8,
91, 18, 21, 97, 94, 32, 19, 65, 51, 12, 35, 9, 10, 55, 95, 65, 54, 75, 98, 72, 18, 92,
2, 57, 57, 93, 80, 88, 91, 74, 57, 31, 48, 88, 7, 71, 83, 93, 15, 62, 58, 19, 98, 36, 61,
80, 65, 26, 57, 63, 44, 42, 38, 3, 32, 39, 43, 63, 69, 99, 96, 99, 43, 73, 97, 4, 73, 61,
57, 20, 55, 12, 49, 96, 7, 71, 44, 12, 73, 18, 5, 37, 87, 4, 4, 6, 22, 86, 62, 70, 62, 65,
56, 84, 57, 55, 34, 8, 95, 79, 76, 40, 55, 100, 40, 33, 5, 42, 28, 49, 84, 36, 47, 72, 51,
27, 7, 92, 88, 25, 29, 21, 33, 98, 69, 27, 95, 46, 83, 39, 7, 53, 60, 65, 40, 71, 90, 13, 61,
20, 78, 55, 77, 4, 8, 97, 46, 22, 75, 77, 28, 84, 8, 64, 8, 4, 90, 14, 95, 18, 21, 19, 27, 2,
40, 92, 97, 18, 22, 28, 15, 67, 23, 37, 0, 24, 33, 55, 65, 41, 10, 55, 35, 78, 89, 2, 25, 16,
93, 91, 6, 63, 88, 62, 28, 52, 67, 15, 78, 15, 69, 51, 19, 90, 99, 71, 46, 48, 69, 64, 53, 1,
20, 97, 15, 29, 23, 48, 54, 55, 76, 26, 59, 77, 45, 48, 46, 99, 97, 1, 19, 26, 82, 5, 46,
80, 83, 64, 0, 84, 2, 68, 81, 73, 73, 66, 13, 57, 43, 94, 50, 29, 32, 48, 86, 71, 62, 40, 20,
91, 52, 38, 50, 15, 56, 55, 7, 43, 69, 72, 20, 54, 46, 83, 96, 18, 36, 29, 90, 25, 53, 52, 92,
84, 69, 5, 49, 26, 21, 66, 73, 70, 62, 18, 14, 91, 40, 49, 51, 83, 17, 40, 62, 7, 94, 55, 58,
1, 81, 47, 34, 15, 96, 8, 58, 6, 75, 29, 10, 10, 27, 60, 49, 21, 84, 9, 62, 76, 37, 42, 18,
1, 3, 86, 37, 61, 32, 0, 15, 100, 44, 32, 49, 84, 67, 48, 60, 39, 91, 28, 69, 34, 11, 39, 37,
47, 63, 54, 24, 61, 96, 12, 62, 18, 72, 33, 76, 85, 98, 81, 80, 95, 16, 94, 26, 47, 88, 77, 13,
57, 96, 45, 96, 62, 80, 22, 99, 66, 36, 70, 74, 54, 61, 94, 57, 24, 99, 28, 35, 21, 82, 65, 38,
40, 10, 98, 58, 60, 36, 5, 66, 15, 30, 99, 61, 59, 41, 42, 75, 84, 28, 81, 26, 36, 69, 72, 82,
64, 89, 23, 86, 47, 17, 30, 62, 75, 28, 11, 41, 12, 61, 81, 58, 47, 85, 7, 55, 74, 4, 94, 94, 22,
74, 50, 48, 97, 44, 95, 84, 78, 48, 9, 38, 86, 56, 94, 37, 13, 36, 58, 24, 25, 62, 100, 99, 85,
58, 45, 74, 78, 98, 83, 14, 90, 22, 7, 93, 20, 40, 94, 74, 34, 71, 27, 18, 33, 47, 75, 11, 36,
82, 23, 89, 7, 87, 87, 75, 66, 12, 39, 66, 97, 54, 71, 57, 83, 45, 63, 30, 37, 38, 4, 4, 61, 2,
98, 37, 87, 10, 4, 41, 71, 5, 62, 51, 60, 60, 39, 26, 92, 42, 19, 32, 6, 73, 98, 0, 94, 67, 13,
83, 76, 34, 98, 22, 37, 85, 64, 94, 76, 37, 89, 10, 43, 8, 93, 2, 57, 82, 10, 83, 23, 75, 72,
93, 85, 58, 41, 15, 88, 33, 39, 69, 7, 10, 22, 82, 18, 30, 93, 81, 53, 16, 49, 100, 80, 59, 4,
45, 71, 96, 58, 77, 91, 61, 4, 25, 30, 59, 51, 100, 9, 52, 15, 78, 9, 43, 33, 55, 68, 15, 39, 94,
66, 77, 38, 88, 0, 98, 85, 31, 97, 1, 85, 32, 99, 12, 60, 67, 18, 81, 1, 11, 6, 5, 62, 78, 82, 60,
16, 39, 85, 23, 94, 11, 32, 45, 6, 64, 14, 21, 58, 74, 27, 39, 31, 12, 33, 96, 52, 12, 28, 21, 65,
65, 8, 64, 15, 70, 40, 34, 15, 39, 60, 46, 28, 45, 18, 36, 1, 51, 20, 35, 35, 8, 68, 92, 29, 97, 91,
84, 64, 7, 64, 29, 21, 97, 87, 28, 77, 59, 58, 26, 33, 74, 26, 67, 72, 46, 50, 55, 52, 25, 34, 95,
75, 28, 59, 97, 74, 81, 100, 44, 48, 84, 71, 41, 48, 83, 56, 56, 49, 15, 2, 69, 65, 20, 42, 3, 77,
79, 93, 47, 33, 65, 65, 20, 25, 1, 37, 73, 39, 13, 15, 27, 37, 65, 18, 8, 46, 7, 76, 88, 49, 90, 75,
80, 87, 88, 63, 34, 33, 64, 87, 49, 84, 50, 83, 32, 85, 100, 70, 38, 99, 81, 1, 82, 26, 79, 92, 79,
65, 59, 82, 63, 28, 48, 21, 87, 83, 43, 2, 93, 45, 22, 7, 70, 6, 58, 38, 70, 31, 34, 3, 74, 34, 70,
98, 20, 74, 85, 58, 87, 79, 8, 16, 15, 20, 27, 27, 38, 70, 25, 7, 62, 44, 52, 32, 61, 81, 97, 75, 99,
69, 90, 49, 50, 4, 15, 31, 55, 77, 30, 41, 49, 13, 100, 11, 92, 37, 41, 76, 64, 17, 13, 26, 34, 94,
95, 29, 43, 51, 27, 64, 1, 39, 73, 81, 86, 53, 7, 63, 100, 73, 89, 91, 48, 28, 13, 77, 69, 46, 96, 14,
74, 36, 68, 43, 24, 61, 97, 11, 76, 21, 3, 75, 26, 87, 42, 73, 6, 69, 70, 85, 68, 15, 98, 90, 10, 33,
11, 16, 84, 30, 88, 46, 33, 79, 55, 33, 34, 60, 9, 63, 77, 8, 48, 2, 65, 25, 57, 81, 24, 46, 36, 90, 22,
52, 68, 10, 64, 29, 78, 19, 53, 86, 89, 2, 22, 67, 74, 88, 75, 92, 27, 35, 67, 45, 0, 65, 27, 19, 60,
51, 15, 35, 95, 64, 84, 47, 23, 46, 7, 30, 82, 90, 96, 14, 35, 43, 12, 68, 29, 0, 9, 24, 86, 33, 51, 49,
90, 33, 80, 4, 90, 67, 69, 97, 7, 81, 77, 60, 3, 45, 8, 60, 8, 62, 4, 68, 85, 51, 98, 43, 4, 38, 97, 61,
45, 7, 29, 50, 21, 87, 53, 91, 16, 46, 54, 98, 56, 10, 16, 18, 22, 29, 73, 72, 58, 44, 26, 20, 96, 40, 91,
23, 46, 27, 77, 68, 36, 33, 48, 1, 76, 32, 39, 41, 97, 33, 3, 1, 19, 34, 90, 16, 13, 62, 87, 57, 40, 50,
92, 18, 20, 80, 16, 15, 77, 52, 14, 50, 3, 50, 31, 90, 86, 60, 38, 72, 98, 65, 82, 74, 14, 46, 50, 94, 39,
10, 60, 30, 20, 38, 66, 79, 89, 50, 49, 43, 54, 16, 40, 42, 67, 72, 85, 72, 79, 92, 76, 19, 99, 92, 42,
80, 20, 9, 99, 27, 97, 41, 9, 81, 80, 76, 4, 77, 31, 44, 99, 66, 72, 94, 86, 21, 65, 35, 24, 3, 4, 92, 94,
75, 61, 47, 98, 57, 17, 12, 29, 19, 62, 24, 89, 98, 46, 51, 85, 66, 13, 68, 18, 58, 71, 25, 44, 8, 99,
68, 86, 50, 82, 20, 26, 25, 0, 72, 9, 73, 97, 40, 79, 4, 66, 96, 81, 93, 47, 73, 38, 40, 80, 53, 6, 15, 14, 89,
77, 13, 13, 86, 79, 30, 54, 27, 65, 65, 72, 20, 72, 32, 39, 54, 77, 41, 56, 37, 88, 84, 69, 3, 77, 90, 88, 58, 65,
51, 93, 33, 17, 84, 0, 88, 89, 12, 82, 17, 49, 69, 89, 72, 4, 49, 31, 71, 10, 99, 62, 72, 63, 77, 56, 31, 90, 33,
64, 13, 74, 50, 6, 19, 29, 38, 17, 44, 37, 26, 91, 80, 88, 16, 40, 16, 94, 73, 43, 77, 40, 26, 42, 48, 27, 68, 22,
51, 82, 30, 82, 45, 31, 33, 75, 70, 27, 60, 13, 86, 81, 97, 60, 35, 61, 18, 88, 10, 25, 43, 19, 76, 94, 51, 27,
90, 30, 68, 71, 53, 60, 20, 19, 5, 12, 75, 84, 48, 5, 92, 47, 13, 58, 44, 17, 67, 80, 42, 4, 84, 4, 52, 2, 95, 63,
52, 33, 49, 87, 34, 37, 50, 52, 49, 92, 33, 47, 100, 60, 55, 18, 76, 97, 81, 18, 54, 46, 68, 30, 87, 61, 40, 54,
29, 25, 32, 57, 99, 3, 15, 21, 94, 50, 86, 38, 72, 98, 100, 0, 67, 13, 42, 18, 81, 97, 74, 94, 8, 23, 18, 40, 26, 76,
78, 40, 54, 7, 10, 69, 97, 95, 61, 79, 16, 81, 17, 91, 2, 56, 26, 86, 57, 87, 16, 1, 16, 24, 15, 84, 44, 98, 22, 82,
85, 92, 28, 52, 54, 15, 13, 27, 67, 30, 93, 99, 100, 73, 90, 76, 73, 52, 27, 25, 4, 78, 86, 72, 19, 0, 98, 95, 97, 9,
97, 50, 74, 29, 4, 68, 76, 37, 35, 32, 73, 10, 61, 97, 4, 7, 49, 93, 92, 74, 76, 13, 71, 76, 38, 7, 85, 99, 100, 11, 4,
0, 21, 22, 3, 80, 22, 54, 97, 42, 67, 32, 88, 98, 70, 95, 30, 76, 5, 62, 75, 96, 68, 72, 80, 66, 52, 77, 5, 23, 66, 21,
85, 59, 81, 38, 75, 10, 91, 72, 86, 78, 35, 58, 75, 82, 47, 72, 34, 61, 11, 65, 66, 48, 7, 53, 65, 31, 37, 4, 58, 59,
70, 7, 79, 87, 79, 45, 26, 81, 56, 97, 77, 93, 73, 17, 81, 55, 37, 66, 95, 88, 32, 37, 62, 98, 86, 100, 94, 62, 83,
83, 83, 71, 3, 75, 35, 6, 70, 100, 57, 17, 92, 92, 75, 79, 89, 4, 48, 0, 44, 84, 28, 77, 31, 18, 92, 77, 74, 91, 49, 9,
9, 99, 50, 85, 67, 30, 62, 79, 13, 21, 14, 73, 71, 72, 8, 28, 84, 87, 67, 31, 61, 0, 82, 77, 57, 47, 21, 12, 43, 38, 47,
81, 32, 1, 2, 10, 35, 6, 60, 9, 62, 10, 68, 71, 2, 6, 100, 98, 56, 93, 26, 2, 76, 15, 6, 17, 0, 93, 33, 62, 88, 78, 17,
48, 91, 31, 79, 83, 34, 98, 80, 86, 36, 34, 95, 100, 71, 83, 59, 2, 65, 6, 32, 37, 45, 38, 22, 91, 22, 49, 2, 37, 34, 1,
3, 47, 98, 14, 89, 17, 87, 59, 60, 16, 42, 53, 3, 2, 29, 49, 37, 27, 49, 55, 72, 47, 43, 67, 91, 62, 84, 31, 26, 24, 1,
2, 56, 26, 21, 78, 42, 12, 65, 31, 96, 19, 5, 20, 80, 40, 77, 55, 98, 30, 63, 60, 60, 91, 66, 0, 1, 72, 89, 85, 94, 78,
53, 29, 44, 83, 63, 77, 52, 93, 60, 40, 19, 24, 4, 27, 61, 70, 4, 60, 12, 83, 43, 12, 84, 49, 5, 29, 15, 83, 70, 60,
94, 98, 13, 59, 75, 35, 84, 5, 47, 90, 65, 52, 7, 94, 91, 2, 80, 92, 26, 26, 94, 49, 27, 42, 1, 13, 80, 71, 37, 22,
15, 91, 16, 43, 30, 73, 68, 30, 10, 74, 1, 20, 32, 6, 59, 93, 26, 12, 14, 75, 68, 58, 11, 20, 52, 69, 96, 75, 49, 58,
9, 2, 26, 29, 73, 81, 56, 26, 48, 97, 4, 79, 66, 48, 47, 59, 97, 70, 23, 87, 28, 40, 89, 80, 91, 46, 77, 94, 90, 61,
23, 53, 97, 25, 13, 59, 43, 13, 74, 94, 34, 46, 27, 18, 43, 1, 86, 19, 96, 68, 79, 15, 15, 6, 50, 27, 1, 98, 32, 44,
45, 73, 20, 61, 35, 99, 88, 9, 21, 38, 76, 72, 64, 25, 58, 45, 19, 4, 90, 81, 31, 59, 91, 98, 73, 21, 16, 28, 37,
87, 99, 72, 41, 1, 47, 10, 92, 97, 55, 78, 49, 49, 49, 0, 66, 66, 33, 30, 76, 66, 41, 42, 51, 45, 46, 66, 84, 11, 42,
32, 89, 99, 60, 86, 22, 16, 37, 47, 11, 81, 65, 98, 45, 74, 58, 78, 7, 89, 73, 40, 61, 10, 98, 38, 64, 38, 76, 35,
3, 2, 6, 52, 16, 84, 38, 17, 50, 48, 2, 54, 46, 80, 87, 35, 90, 30, 99, 96, 61, 0, 82, 83, 88, 38, 56, 28, 33, 97,
4, 79, 49, 7, 70, 11, 63, 63, 72, 86, 26, 34, 48, 18, 2, 34, 28, 86, 4, 82, 72, 88, 81, 38, 78, 57, 30, 72, 77, 22,
47, 63, 62, 84, 71, 0, 58, 43, 65, 32, 52, 40, 52, 1, 28, 41, 51, 65, 47, 89, 88, 83, 57, 1, 46, 74, 58, 56, 78, 4,
1, 81, 47, 54, 26, 53, 26, 80, 17, 63, 4, 71, 53, 8, 27, 16, 44, 67, 55, 56, 41, 37, 16, 55, 2, 79, 42, 34, 70, 98,
35, 35, 43, 88, 71, 74, 72, 40, 89, 40, 11, 11, 60, 43, 89, 12, 78, 13, 89, 22, 65, 16, 73, 39, 13, 55, 83, 22,
97, 42, 87, 81, 3, 52, 32, 36, 34, 76, 16, 78, 65, 35, 50, 93, 48, 91, 90, 99, 39, 60, 34, 37, 68, 70, 35, 85, 83,
57, 11, 51, 50, 50, 27, 25, 15, 74, 68, 83, 80, 14, 0, 34, 35, 6, 41, 79, 42, 18, 43, 51, 22, 18, 79, 47, 10, 63,
90, 11, 9, 67, 59, 84, 26, 34, 73, 6, 77, 43, 21, 12, 57, 88, 82, 98, 16, 41, 18, 59, 31, 74, 76, 0, 100, 67, 17,
22, 39, 70, 61, 82, 92, 3, 36, 64, 12, 66, 25, 10, 61, 23, 33, 12, 63, 11, 56, 43, 5, 51, 20, 4, 83, 67, 60, 8,
8, 81, 47, 70, 42, 20, 7, 60, 85, 84, 16, 65, 59, 89, 93, 8, 37, 63, 91, 77, 29, 43, 23, 44, 18, 66, 96, 9, 54,
82, 48, 93, 56, 86, 11, 0, 20, 33, 81, 31, 95, 4, 93, 2, 50, 71, 93, 46, 17, 52, 20, 64, 100, 78, 62, 25, 97, 61,
72, 95, 83, 3, 36, 94, 29, 72, 66, 100, 38, 85, 17, 37, 91, 22, 40, 99, 65, 45, 75, 71, 18, 93, 17, 15, 57, 26,
51, 24, 70, 95, 58, 28, 1, 62, 19, 45, 23, 55, 98, 61, 88, 41, 75, 35, 10, 94, 77, 97, 33, 95, 73, 39, 10, 70,
12, 77, 62, 0, 23, 65, 82, 15, 3, 70, 73, 95, 22, 81, 77, 73, 79, 95, 56, 78, 31, 73, 95, 84, 11, 10, 4, 23, 4,
21, 94, 18, 27, 100, 10, 5, 42, 9, 70, 73, 71, 45, 68, 28, 16, 71, 97, 62, 38, 48, 12, 100, 78, 15, 40, 36, 82,
49, 95, 63, 86, 60, 7, 92, 47, 17, 56, 69, 96, 9, 41, 46, 13, 60, 62, 17, 49, 64, 8, 87, 20, 92, 64, 13, 20,
34, 59, 29, 69, 36, 69, 73, 70, 80, 15, 71, 7, 86, 5, 27, 44, 77, 17, 57, 80, 49, 99, 76, 64, 1, 96, 93, 77,
58, 98, 26, 4, 97, 3, 81, 55, 93, 9, 85, 28, 18, 62, 34, 64, 1, 35, 95, 1, 37, 13, 34, 44, 60, 12, 4, 76, 39,
47, 54, 83, 56, 16, 61, 49, 53, 39, 37, 62, 11, 73, 98, 25, 84, 22, 67, 23, 88, 53, 23, 30, 40, 11, 74, 30,
92, 40, 92, 92, 35, 38, 95, 12, 54, 74, 32, 24, 20, 55, 16, 98, 40, 13, 31, 3, 32, 75, 76, 13, 54, 99, 87, 7,
1, 13, 73, 17, 79, 92, 14, 62, 13, 40, 37, 34, 51, 7, 24, 77, 59, 87, 88, 51, 83, 97, 30, 27, 4, 12, 25, 66,
29, 37, 31, 88, 65, 63, 58, 40, 17, 47, 82, 100, 21, 68, 5, 15, 27, 45, 22, 4, 48, 6, 81, 62, 5, 70, 52, 8,
86, 91, 30, 66, 71, 92, 40, 67, 39, 28, 85, 46, 36, 87, 28, 77, 89, 34, 74, 1, 80, 66, 84, 49, 41, 53, 69,
6, 35, 82, 39, 42, 67, 87, 100, 76, 90, 95, 80, 77, 38, 57, 45, 47, 26, 93, 16, 23, 45, 26, 100, 70, 46,
30, 89, 49, 3, 37, 98, 31, 95, 22, 100, 5, 14, 79, 18, 1, 100, 69, 6, 51, 59, 79, 88, 99, 28, 38, 2, 50,
63, 60, 95, 6, 98, 27, 7, 71, 71, 65, 90, 69, 10, 66, 91, 20, 45, 22, 32, 56, 71, 81, 55, 99, 90, 0, 66,
58, 80, 49, 58, 58, 64, 30, 84, 25, 52, 3, 1, 37, 16, 36, 45, 80, 78, 24, 68, 32, 69, 42, 56, 28, 25, 25,
66, 24, 38, 41, 3, 11, 73, 70, 82, 51, 40, 0, 70, 41, 52, 18, 7, 17, 82, 42, 38, 35, 9, 37, 54, 18, 100,
29, 9, 64, 50, 63, 52, 27, 58, 98, 29, 4, 78, 55, 59, 30, 80, 92, 73, 45, 32, 96, 74, 15, 49, 67, 79, 4,
87, 17, 82, 73, 90, 45, 61, 84, 30, 68, 77, 51, 23, 16, 36, 86, 15, 82, 39, 97, 44, 31, 87, 54, 51, 1,
7, 1, 67, 93, 75, 34, 90, 97, 21, 82, 2, 48, 23, 77, 37, 69, 69, 65, 62, 21, 56, 27, 36, 14, 59, 11, 50,
13, 45, 55, 19, 90, 14, 99, 2, 74, 94, 16, 82, 13, 46, 71, 46, 46, 98, 33, 67, 59, 0, 30, 36, 62, 79,
30, 57, 89, 19, 0, 79, 42, 13, 24, 56, 26, 0, 98, 39, 63, 56, 39, 50, 78, 49, 61, 21, 85, 5, 35, 28, 7,
3, 89, 44, 67, 51, 60, 68, 32, 22, 31, 30, 34, 63, 34, 21, 52, 14, 4, 48, 86, 79, 14, 1, 79, 28, 51, 6,
4, 42, 93, 88, 63, 74, 71, 88, 89, 80, 12, 47, 78, 66, 31, 90, 34, 42, 100, 64, 4, 28, 5, 83, 85, 85,
23, 76, 24, 41, 17, 40, 77, 35, 13, 99, 75, 46, 33, 48, 28, 5, 28, 75, 46, 75, 44, 74, 47, 7, 53, 70,
70, 40, 41, 19, 57, 16, 35, 56, 83, 25, 98, 66, 57, 22, 95, 8, 18, 56, 92, 9, 4, 65, 78, 48, 30, 27,
71, 25, 2, 44, 69, 52, 60, 47, 10, 30, 3, 96, 9, 41, 84, 12, 81, 68, 53, 21, 19, 15, 64, 75, 6, 56, 7,
3, 78, 77, 20, 45, 44, 13, 76, 85, 84, 72, 93, 50, 54, 39, 61, 45, 46, 48, 66, 49, 25, 8, 80, 56, 47,
62, 46, 90, 63, 7, 76, 88, 50, 84, 21, 29, 7, 22, 17, 78, 73, 94, 70, 23, 86, 25, 60, 7, 27, 78, 94,
44, 99, 9, 20, 57, 33, 24, 47, 44, 93, 93, 72, 33, 79, 33, 40, 67, 19, 17, 6, 66, 36, 47, 23, 71, 3,
8, 18, 92, 88, 22, 38, 53, 84, 19, 10, 68, 33, 42, 99, 58, 70, 21, 73, 11, 99, 59, 51, 37, 84, 33,
26, 0, 65, 32, 52, 21, 40, 24, 76, 57, 39, 93, 62, 36, 23, 94, 31, 64, 43, 6, 67, 21, 55, 78, 55, 8,
1, 40, 68, 3, 22, 0, 35, 42, 40, 41, 87, 77, 87, 81, 59, 8, 61, 84, 19, 49, 42, 82, 35, 50, 81, 16, 10,
93, 19, 78, 99, 19, 7, 30, 98, 79, 20, 73, 49, 26, 99, 58, 64, 73, 46, 38, 100, 39, 16, 65, 92, 75, 96,
98, 12, 75, 20, 84, 83, 96, 13, 35, 14, 34, 8, 3, 100, 46, 0, 43, 39, 59, 51, 92, 88, 39, 89, 84, 54,
80, 94, 30, 42, 8, 79, 100, 59, 51, 65, 1, 16, 40, 71, 31, 35, 97, 24, 45, 38, 55, 57, 90, 18, 53, 66, 20,
23, 0, 32, 13, 50, 81, 15, 57, 28, 32, 80, 54, 72, 74, 49, 53, 88, 88, 5, 18, 93, 97, 70, 49, 49, 15, 39, 76,
15, 83, 11, 7, 13, 43, 8, 20, 77, 28, 100, 9, 18, 86, 100, 69, 6, 32, 99, 29, 35, 5, 92, 26, 70, 98, 4, 23, 36,
72, 13, 57, 95, 66, 24, 80, 86, 97, 96, 45, 61, 6, 73, 69, 37, 24, 86, 85, 93, 59, 35, 44, 97, 89, 27, 10, 76, 48,
98, 5, 97, 8, 28, 54, 1, 55, 92, 17, 94, 35, 100, 95, 31, 47, 26, 72, 89, 9, 40, 27, 16, 8, 0, 66, 72, 22, 63, 90,
77, 91, 39, 76, 58, 38, 15, 58, 4, 37, 69, 0, 39, 72, 20, 10, 25, 97, 47, 67, 67, 38, 34, 31, 3, 73, 98, 1, 34,
91, 46, 60, 13, 87, 100, 51, 60, 14, 77, 30, 19, 47, 86, 13, 51, 33, 94, 61, 56, 14, 24, 78, 15, 38, 77, 57, 48,
32, 42, 59, 65, 95, 16, 59, 5, 66, 83, 63, 78, 16, 89, 27, 59, 85, 95, 62, 21, 2, 55, 15, 30, 33, 43, 93, 92, 86,
39, 71, 46, 97, 97, 63, 100, 49, 69, 32, 92, 38, 38, 16, 69, 81, 16, 44, 58, 95, 93, 65, 92, 71, 20, 53, 81, 53,
80, 47, 12, 54, 45, 52, 84, 5, 57, 33, 47, 67, 72, 11, 40, 25, 26, 96, 34, 15, 36, 42, 4, 88, 27, 48, 64, 20,
91, 61, 94, 47, 86, 9, 83, 1, 68, 71, 55, 85, 57, 96, 91, 70, 10, 97, 81, 95, 25, 70, 67, 16, 58, 36, 26, 16, 9,
35, 11, 74, 66, 4, 8, 83, 94, 22, 58, 64, 86, 45, 52, 86, 32, 72, 100, 95, 87, 35, 6, 48, 17, 43, 47, 84, 27, 69, 13,
39, 24, 7, 37, 48, 93, 19, 61, 22, 44, 64, 49, 24, 51, 68, 77, 77, 97, 1, 30, 42, 12, 12, 61, 13, 66, 2, 98, 85, 70,
50, 89, 45, 0, 87, 85, 9, 35, 11, 24, 100, 19, 39, 83, 89, 49, 45, 51, 95, 47, 96, 27, 65, 24, 26, 49, 5, 23, 77, 85,
48, 66, 80, 71, 30, 35, 7, 30, 95, 19, 91, 93, 51, 2, 7, 61, 17, 70, 19, 37, 69, 98, 25, 52, 12, 62, 90, 74, 12,
87, 49, 42, 30, 35, 79, 39, 96, 17, 66, 4, 21, 8, 11, 24, 42, 39, 9, 66, 81, 34, 19, 10, 32, 75, 65, 39, 53, 97, 51, 43,
22, 30, 75, 70, 88, 58, 29, 20, 74, 70, 41, 32, 74, 14, 84, 16, 27, 46, 83, 56, 11, 40, 12, 21, 14, 29, 77, 54, 65,
83, 13, 36, 100, 59, 52, 93, 84, 83, 80, 47, 24, 24, 7, 87, 97, 52, 38, 74, 29, 72, 100, 62, 2, 100, 63, 31, 17, 10,
56, 70, 8, 66, 68, 81, 80, 33, 7, 87, 23, 34, 100, 62, 12, 95, 39, 73, 68, 43, 22, 27, 63, 85, 70, 19, 10, 57, 25, 52,
76, 97, 49, 84, 90, 78, 86, 75, 74, 94, 7, 79, 69, 100, 0, 40, 71, 89, 60, 94, 29, 13, 59, 10, 4, 74, 76, 37, 12, 84,
21, 79, 30, 97, 50, 45, 36, 24, 12, 4, 3, 71, 14, 32, 46, 91, 66, 85, 5, 93, 40, 63, 63, 41, 7, 50, 42, 100, 56, 20, 15,
36, 50, 7, 64, 7, 50, 23, 79, 65, 40, 45, 38, 44, 27, 46, 49, 91, 80, 25, 50, 22, 71, 21, 70, 41, 56, 13, 88, 24,
25, 68, 40, 86, 29, 90, 87, 16, 69, 41, 98, 51, 85, 37, 71, 44, 42, 19, 4, 38, 91, 14, 79, 34, 72, 83, 33, 53, 11,
60, 48, 10, 40, 39, 24, 75, 68, 97, 44, 14, 47, 71, 91, 42, 75, 12, 47, 73, 82, 20, 48, 56, 63, 44, 28, 15, 82, 21,
44, 31, 42, 61, 81, 91, 93, 11, 13, 12, 89, 88, 95, 72, 32, 48, 91, 35, 86, 41, 90, 34, 47, 47, 31, 3, 0, 67, 38,
96, 19, 37, 69, 15, 93, 67, 28, 57, 38, 40, 19, 46, 92, 98, 93, 81, 67, 94, 80, 32, 30, 53, 54, 100, 6, 86, 77, 0, 25,
20, 55, 36, 6, 50, 25, 96, 91, 3, 48, 2, 44, 24, 33, 22, 0, 16, 5, 47, 89, 90, 46, 55, 100, 7, 3, 56, 64, 28, 78, 48,
44, 34, 84, 65, 27, 91, 99, 29, 18, 78, 47, 69, 48, 24, 23, 88, 59, 47, 1, 91, 25, 53, 2, 85, 18, 90, 8, 44, 34, 54,
51, 89, 51, 40, 92, 76, 62, 10, 93, 14, 66, 12, 24, 41, 100, 89, 27, 21, 83, 42, 4, 1, 59, 35, 86, 85, 13, 73, 54, 57,
25, 6, 46, 11, 68, 92, 5, 31, 35, 50, 1, 90, 84, 12, 6, 18, 89, 17, 57, 25, 42, 60, 22, 8, 98, 41, 91, 26, 71, 74, 41,
68, 7, 90, 59, 25, 57, 97, 14, 7, 23, 95, 47, 86, 28, 95, 79, 65, 92, 57, 19, 16, 43, 41, 6, 54, 90, 59, 88, 31, 71,
79, 20, 44, 20, 30, 64, 0, 33, 86, 64, 1, 74, 55, 9, 60, 17, 41, 69, 29, 77, 76, 50,
17, 53, 30, 60, 40, 20, 16, 15, 67, 80, 46
